500
600
400
300
450
600
350
450
550
650
400
500 
600
450
300
425
475
550
650
700
350
450
550
650
750
300
250
350
425
475
700
800
550
650
750
850
475
300
485
465
700
625
650
300
425
460
480
550
650
200
350
425
490
470
460
550
625
675
700
475
475
350
425
465
485
460
470
480
490
550
625
675
750
800
675
900
750
850
950
850
750
630
675
630
665
680
480
610
550
460
477
490
200
250
425
300
275
225
100
200
300
350
400
500
600
250
275
370
380
700
100
800
100
225
265
280
340
360
375
390
340
355
375
390
450
550
650
800
1
2
3
4
5