GAUSSIAN ELIMINATION - WITH MYSTERY MODIFICATION

The reduced system - output by rows:
 -1.00000000 362.00000000 -1.00000000  0.00000000  0.00000000  0.00000000  0.00000000  0.00000000  0.00000000  0.00000000  0.00000000  0.00000000  0.00000000
 -0.00000000  0.00276243 361.99447632 -1.00000000  0.00000000  0.00000000  0.00000000  0.00000000  0.00000000  0.00000000 -0.00276243  0.00000000  0.00276243
 -0.00000000 -0.00000000 -0.00276247 361.99722290 -1.00000000  0.00000000  0.00000000  0.00000000  0.00000000  0.00000000 -0.00000763  0.00000000  0.00000763
 -0.00000000 -0.00000000  0.00000000 -0.00276245 361.99722290 -1.00000000  0.00000000  0.00000000  0.00000000  0.00000000 -0.00000002  0.00000000  0.00000002
 -0.00000000 -0.00000000  0.00000000  0.00000000 -0.00276245 361.99722290 -1.00000000  0.00000000  0.00000000  0.00000000 -0.00000000  0.00000000  0.00000000
 -0.00000000 -0.00000000  0.00000000  0.00000000  0.00000000 -0.00276245 361.99722290 -1.00000000  0.00000000  0.00000000 -0.00000000  0.00000000  0.00000000
 -0.00000000 -0.00000000  0.00000000  0.00000000  0.00000000  0.00000000 -0.00276245 361.99722290 -1.00000000  0.00000000 -0.00000000  0.00000000  0.00000000
 -0.00000000 -0.00000000  0.00000000  0.00000000  0.00000000  0.00000000  0.00000000 -0.00276245 361.99722290 -1.00000000 -0.00000000  0.00000000  0.00000000
 -0.00000000 -0.00000000  0.00000000  0.00000000  0.00000000  0.00000000  0.00000000  0.00000000 -0.00276245 361.99722290 -1.00000000  0.00000000  0.00000000
 -0.00000000 -0.00000000  0.00000000  0.00000000  0.00000000  0.00000000  0.00000000  0.00000000  0.00000000 -0.00276245 361.99722290 -1.00000000  0.00000000
 -0.00000000 -0.00000000  0.00000000  0.00000000  0.00000000  0.00000000  0.00000000  0.00000000  0.00000000  0.00000000 -0.00276245 361.99722290 -1.00000000
  1.00000000 -362.00000000  2.00000000  0.00000000  0.00000000  0.00000000  0.00000000  0.00000000  0.00000000  0.00000000  1.00000000  0.00000000 -1.00000000
 -0.00000000 -0.00276243  0.00001526  0.00000004  0.00000000  0.00000000  0.00000000  0.00000000  0.00000000  0.00000000  0.00000763 -0.00276243 -0.00552490


Has solution vector:
    1.00000000    1.00000000    1.00000000    1.00000000    1.00000000    1.00000000    1.00000000    1.00000000    1.00000000    1.00000000    1.00000000    1.00000000    0.99999404
with 10 row interchange(s)

The rows have been logically re-ordered to:
  1 12  2  3  4  5  6  7  8  9 10 11 13
