500
400
600
400
600
350
450
550
750
500
400
600
500
600
400
500
400
600
300
450
550
650
525
575
625
675
275
425
500
400
600
300
450
550
650
275
325
425
475
525
675
500
450
400
500
400
600
550
525
500
400 
600
350
325 
500
400
600
350
450
550
650
325
320 
310  
425   
420
525
500
600
650
500
400
600
650
675
500
400 
600
450
475 
500
400
600
350
450
550
650
375
380 
390  
475   
480
650  
675 
680
500
400
600
450  
350
475 
500
600
400
350
550
450
650
325
425
430
420 
475
480
470
490
476
495
500
600
400
650 
550
350
450
325
375
380 
675
625
575
525
370
373
365
335
371
500
400
600
650 
550
625
500
600 
400
450
425
500
600
400
350
450
550
650
625
675
630     
615
500
600
400
550
650
450
350
475  
425
430    
680
435
440
434
625
630
575
580
675 
660
670 
433
432



